Минимальное значение в A:-2.6085846922084373
Максимальное значение в B:2.440959278919979
Сумма всех элементов в A:19.2910023596256
Среднее значение всех элементов в B:-0.03790098589818259
Массив A, умноженный на среднее значение в B:
[[-0.01865105 -0.03659977  0.07595415  0.04359014 -0.03330979  0.05173595
   0.04347811  0.03133879 -0.00575661  0.03033384  0.03211538  0.00119175
  -0.08457686 -0.02503637  0.00360211 -0.03252286  0.03443857 -0.05063041]
 [ 0.0105223  -0.02343493  0.03996411 -0.0423525  -0.07788248 -0.00985685
   0.0887736  -0.03560255  0.005037    0.0191462   0.03887666  0.02732049
  -0.0103634   0.03109306  0.00065311 -0.04249478 -0.02830659 -0.01942283]
 [-0.02869329 -0.07953862 -0.01170455  0.0667903  -0.03209157 -0.0079755
   0.00499351  0.0044554   0.04490978 -0.01820629 -0.00453422 -0.06174031
  -0.00936181 -0.05704867 -0.03198113  0.01023155  0.02255326  0.01774422]
 [-0.00990239 -0.05586808  0.03576438  0.02805109  0.03104922  0.04605384
  -0.04570011 -0.01658646 -0.00592176 -0.08367679 -0.05383112 -0.04265274
   0.05274273  0.01732696 -0.07828164  0.03624424 -0.00444816  0.00196888]
 [-0.04181064  0.00569975 -0.01797177 -0.02963708  0.03188771 -0.01709767
  -0.0557752   0.0282246  -0.07572715 -0.00148263  0.02028716 -0.01102555
  -0.01469742 -0.05294591 -0.01730958 -0.01145234 -0.00638826 -0.01582851]
 [ 0.03209087  0.04268608  0.0189546  -0.01358485  0.05500642 -0.0096492
  -0.00923127  0.01210678  0.04061764  0.02448717 -0.02071382 -0.01306132
  -0.00801098 -0.03219989  0.04097602  0.0002153  -0.04058302 -0.00923104]
 [-0.08255075 -0.00518706 -0.08010374  0.02073289 -0.02564232 -0.00028408
  -0.06181669  0.0530785  -0.01268032 -0.04782794 -0.05334344  0.01489131
  -0.0654533   0.04272545  0.02100329 -0.02044869 -0.00241281 -0.03115145]
 [-0.00721622  0.02607495 -0.00071924 -0.03543103 -0.03174814 -0.04593054
  -0.0313394   0.01772637 -0.00511331  0.06309121  0.0099501   0.00684331
   0.09764154  0.04001783  0.00885898  0.00086067  0.01428353 -0.02861801]
 [ 0.06066453 -0.03033962  0.01009539  0.00091733  0.00750382  0.04841374
   0.01958713  0.019405   -0.03139554  0.01690291 -0.03843015 -0.06322073
   0.01212256 -0.0212363  -0.02050666  0.0490033  -0.014206    0.03808286]
 [ 0.00030563  0.03580986  0.05803841  0.01492659 -0.00353588 -0.00605266
  -0.04187121  0.0050767   0.01122162  0.0153325   0.02725134 -0.04577652
  -0.02827075  0.01112722  0.01391554 -0.00705428  0.00410301 -0.02915393]
 [-0.03782161  0.0224892  -0.01496883  0.05311325  0.01456212  0.02334193
  -0.03458902 -0.03591503  0.00272877  0.05325062 -0.03358369 -0.0855561
   0.01581598  0.01957413 -0.06354717 -0.04810964  0.00241243  0.03232887]
 [ 0.0308399  -0.01698498  0.08859604  0.00089108 -0.03858089  0.01962754
   0.00185145 -0.03793161 -0.0139002  -0.01321859 -0.05380759 -0.00751023
  -0.04692061  0.00013949 -0.0416778  -0.00926308 -0.03028345 -0.0049105 ]
 [ 0.02369729 -0.02659322  0.00468187  0.00652746 -0.05444082  0.04619309
   0.06389426  0.00168828 -0.05922194  0.03916262  0.09886793  0.0042909
  -0.02154447 -0.06538825 -0.0346745   0.01395347 -0.04791301 -0.0223896 ]
 [-0.02908481 -0.03916547 -0.03303157  0.02165062 -0.03382151  0.01296404
  -0.04478792 -0.03819284  0.00334173  0.00782485 -0.02946294  0.07988772
   0.00383902 -0.02655023 -0.01380668  0.00188423  0.01144007  0.03180602]
 [ 0.04827798  0.017566   -0.00577466 -0.03124819  0.04375729  0.00276005
  -0.02253125 -0.02812866  0.03926003 -0.01583131 -0.03992506  0.04494549
  -0.00319438  0.02836566  0.00204518 -0.00465444 -0.02308237  0.06740071]
 [ 0.04380096  0.03079123  0.02061318 -0.03665393  0.01866114 -0.02304992
  -0.04893309  0.00739179  0.06515555  0.03567785  0.0146266   0.01176136
   0.00633833  0.0422169  -0.00289355 -0.04373882 -0.05672434  0.01796464]
 [ 0.02349468 -0.00301359 -0.03885935 -0.02488024  0.05542145 -0.07371078
  -0.0193255   0.02878224 -0.01539086  0.02410798 -0.03528818  0.03964952
   0.01703643  0.05192049  0.0125326   0.07813603  0.03000244  0.01037651]
 [ 0.02043136  0.03064297  0.01313648 -0.08257326 -0.0849399   0.0292038
  -0.04808538 -0.0494321   0.06703165  0.02426311 -0.01589593  0.05309122
  -0.05071581 -0.03509878  0.04168115  0.01987667  0.02759366 -0.02248002]
 [-0.04173739 -0.0325086   0.03680538 -0.00790303  0.05854821 -0.00843811
   0.01652861 -0.00131306  0.03169382 -0.02929036  0.01487149 -0.00703524
  -0.07319077 -0.04253174  0.00328554 -0.00095312  0.02078094  0.00878285]
 [ 0.04205498  0.01068833  0.06038757 -0.03331769  0.00836592 -0.02434148
  -0.0294634  -0.04823127  0.04492428 -0.01644579  0.00954393  0.0486522
   0.02016476 -0.00366726  0.07280208 -0.03315413  0.00295575 -0.10404884]]
Сумма всех элементов в B по столбцам:[-0.59944464 -0.7189322   2.43425975  1.94196557  3.40375614 -3.75128095
 -0.77106222  1.46718755 -4.72330915 -3.44633455 -0.65344584 -2.19460589
  4.57914265 -5.12177953 -0.21049857 -7.52229561  3.36262521 -1.12030266]
Максимальное значение в A по строкам:[2.23152142 2.05489319 2.09858965 2.20777355 1.99802599 1.0707642
 2.17806334 1.21185606 1.66804969 1.20779245 2.2573581  1.41968842
 1.72523889 1.18170848 1.05340421 1.49664561 1.944825   2.24110007
 1.93110463 2.74528067]
Произведение A и B:
[[ 1.28391349e+01 -2.65425092e+00  6.31860933e+00  1.03165110e+01
   1.32516960e+00 -6.70220594e+00  3.58190492e+00 -3.48616672e+00
  -7.29164080e+00  2.72754525e-02 -4.58045591e+00 -8.67688404e-01
   1.89645506e+00  6.93405356e-01 -4.09430508e+00 -1.32996121e+00
  -1.69919436e+00 -5.23302665e+00 -2.35596824e+00  1.49063202e+00]
 [ 3.42582345e+00  1.67747918e+00  7.03664160e+00  4.06784223e+00
  -1.06037263e+00 -3.26778617e+00  2.59028617e+00  1.21128036e-01
  -7.29933710e+00 -6.45729798e+00 -3.45532226e+00  7.42041528e-01
   6.93341350e+00 -1.52338460e+00  7.59977186e+00  5.77784120e+00
   3.86601511e+00 -7.04797415e+00 -5.13456923e+00  3.51759728e+00]
 [ 2.04343601e+00  2.33455701e+00  3.00670076e+00  1.55850348e+00
   2.43007005e+00 -2.80622374e+00 -5.94110948e-01 -4.63214619e+00
  -5.45507369e+00  1.66066553e+00 -1.79239518e+00 -5.15580999e-02
  -4.06462130e+00  1.56364868e+00 -1.36463993e+00  7.57703959e-01
   1.43066361e+00  5.99238738e-01 -2.44137805e+00 -2.70781424e+00]
 [-4.02948432e+00 -8.50108678e-01 -6.71940657e+00 -9.70660141e+00
   3.14442022e+00  2.22441201e+00 -1.62246409e+00 -3.06335813e-01
   4.36059190e+00  4.90080806e+00  4.38206157e-01  9.23685945e+00
  -6.03657001e+00 -3.47243222e+00 -9.63795960e-01 -1.98563818e+00
  -1.54012626e+00  4.97276478e+00 -1.08961262e+00 -2.98782562e+00]
 [-1.04365513e+00 -3.54734762e+00 -4.27304784e+00  3.29373233e+00
  -6.89370169e+00 -3.21977797e+00  1.70161532e+00 -4.82369794e+00
  -1.76583079e+00  8.11041996e+00  2.01116907e+00  2.63771808e+00
  -3.38662203e+00  4.46642729e+00 -1.55641246e+00 -9.67595327e+00
  -5.08517060e+00 -7.26986950e-01  4.55877768e-01  1.14747923e+00]
 [-3.71149445e+00 -3.87762463e+00  2.33708689e+00  2.48645289e+00
   1.58273004e+00  2.38241144e+00 -7.38699149e-01 -1.60869771e+00
   5.06415344e+00 -3.35027916e-01 -1.94170008e-01 -5.79272312e+00
  -3.26993026e+00  3.44548814e+00 -3.55833422e+00  4.04920784e+00
  -4.39968640e+00  1.64542200e+00  5.59618888e+00 -4.68672207e-01]
 [ 7.15825418e+00 -1.61244888e+00 -3.31332939e+00 -1.56573618e+00
  -6.02465095e+00  6.00252365e-01  6.70511256e+00  7.44019475e-01
   4.03007910e-03 -2.71512516e+00  5.40628537e+00 -3.10865660e+00
  -7.68009026e+00 -3.23687305e+00  7.43346770e-01 -1.78676726e+00
   5.33168079e+00  3.40910148e+00  2.80846315e+00  2.82047757e+00]
 [-2.55433484e+00  2.48034631e+00  1.67418994e+00 -1.85207474e+00
   3.56966143e-01  5.27520470e-01 -2.58409905e+00  6.11529712e+00
  -1.77195260e+00  1.53705411e+00  1.78226564e+00 -2.36397189e+00
  -2.39073654e+00  1.96957880e+00 -2.13455638e+00 -1.03373250e+00
  -7.97113242e-01  8.80386758e-01 -2.18180332e+00 -1.05051552e+00]
 [-3.34723618e+00 -4.65972664e+00  1.29648287e+00  5.60013692e-01
   5.45684065e+00  3.30890360e+00 -1.16986832e+00 -3.97818128e+00
  -2.08274470e+00  3.84442668e+00 -2.61429488e+00  4.00266336e+00
  -7.11824428e-01  4.22032851e+00  7.75771335e-01  1.01811795e+00
  -8.37559942e+00  3.40416656e+00  5.09294948e+00 -1.62276295e+00]
 [ 3.90012987e+00  5.57965987e-01  2.94237305e+00  2.01004646e+00
   2.19967247e+00 -1.54844357e+00  3.80355449e+00 -6.47502521e-01
   1.45381810e+00 -5.36069906e-02 -1.12645534e+00 -4.65830048e+00
  -1.11881281e+00  2.77311596e+00 -6.61478149e+00 -5.88594886e-01
  -3.99466336e+00 -2.41646854e+00 -1.34114982e+00  2.31249896e+00]
 [ 4.09880912e+00  1.04220520e+00  5.49647502e+00 -6.10197957e+00
  -6.80086623e-01  1.06592825e+00  4.88914789e+00 -4.28577049e+00
   5.25330069e-01 -4.90583735e+00 -1.07785420e+00  8.48338331e+00
  -4.91827534e+00  3.06182459e+00 -6.15909829e+00 -6.68228523e-01
  -1.09716085e+00 -1.88676206e+00 -1.11235574e+00 -4.78854490e+00]
 [-2.12275281e+00 -5.06510126e+00 -1.77856078e+00  2.27202124e+00
   2.89085769e+00 -5.57149470e+00  3.26777361e+00 -4.37670382e+00
   7.15757359e-01 -3.54035055e-01 -1.05000723e-01  3.82314498e+00
  -1.02814145e+00  9.50309687e-01  2.35023458e-01  2.33888654e+00
   2.04753598e-01 -4.92737200e-01  2.93252666e+00  4.46929529e+00]
 [ 7.23954448e+00 -2.59389793e+00  3.64628042e+00  1.08508787e+01
  -2.96255033e+00 -4.44152837e+00  7.88909814e+00 -4.03413419e+00
  -8.81064542e+00  5.27681738e+00 -2.01401869e+00  1.83821687e+00
   3.70344507e+00  5.36165161e+00  7.40664457e-01 -3.58833781e+00
  -6.10934365e+00 -4.73994396e+00 -1.38094316e-01  8.83040168e-01]
 [-2.84082041e+00  1.56398045e+00 -9.97996874e+00  2.01936246e+00
  -2.10055814e-01 -4.33078492e+00  1.91170188e+00  9.36636628e-01
   3.79992057e-01 -1.43983929e+00  5.50354189e+00  4.02559064e+00
  -2.37163081e+00 -1.68537112e+00 -1.07210596e+00 -1.93971413e+00
   8.83407910e+00  5.24727579e+00  1.01982743e+00  5.41926398e-01]
 [-7.80941805e+00 -1.79363225e+00 -3.56598367e+00 -5.03939828e+00
   3.39665689e+00  3.70313481e+00 -3.21846467e+00  1.88033405e+00
   8.49002773e+00 -6.17382077e+00 -3.09622439e-01  2.66172515e+00
   1.75664579e+00 -1.88735556e+00  3.56284172e+00  6.35337794e+00
   5.09463238e+00  4.06209102e+00  2.54308231e+00 -9.49890558e-01]
 [-1.40084903e+00 -3.44004993e+00  6.24697473e+00 -2.17760527e+00
   3.01980732e+00  2.78039501e+00  9.66366122e-01  2.36349098e+00
   5.80283855e+00 -7.33221642e+00 -3.23130283e+00 -2.01223035e+00
  -1.83247336e+00  3.22378184e+00 -9.60241408e-02  8.08299596e+00
   1.67373548e+00  5.76900069e-01 -4.50665282e-01 -2.06870896e+00]
 [-4.77655067e+00 -2.35583337e+00 -4.44075139e+00 -2.50736405e+00
   4.89195401e+00  1.98391165e+00 -1.34543166e+01  5.28974884e+00
   7.55388861e+00  4.68359421e+00  1.34973316e+00 -2.82727478e+00
   1.65300606e+00 -2.40127660e+00  3.77446448e+00 -1.90928003e+00
   4.53818842e+00  8.21669541e+00  3.47689179e+00 -2.29267499e+00]
 [-9.15558583e+00  4.05101057e-01 -9.46271392e+00  5.87700903e+00
   3.28970747e-01  4.17938826e-01  1.22917830e+01  2.34189317e+00
  -5.57202590e-01 -2.88198893e+00  1.74459658e+00 -8.37784511e+00
   1.22744040e+00  2.43287793e+00 -1.14123645e-01  6.73896037e+00
   4.13939918e+00  7.92950715e+00  6.95912119e+00  9.26851504e+00]
 [ 1.16459154e+00 -1.34700995e-01  2.37249009e-01  4.54299322e+00
   9.38573509e-02 -3.44070669e+00 -3.79262215e+00 -4.98534788e+00
   1.01203945e+00  8.03913911e-01 -4.10403822e+00  3.44535832e-01
   1.45108608e+00 -1.43992801e+00  1.44021148e+00  1.04404736e+00
   2.98412762e+00 -1.15049428e+00 -2.85555754e+00  3.18565766e-01]
 [-4.85457251e+00  7.28839878e-01 -4.28032841e+00 -7.04243297e-01
   9.40122696e-01  2.64846936e+00  8.06534382e-01  3.97440510e+00
   3.28232171e+00 -1.68329789e+00  1.08342916e+00 -8.90668865e+00
   3.65485948e+00 -2.69544469e+00 -2.94837089e+00 -1.11184188e+00
  -1.85864120e+00  2.34723938e-01 -6.97975347e-01  3.83071830e+00]]
Объединенный массив C:
[[ 4.92099273e-01  1.34627162e+00]
 [ 9.65668049e-01  6.58038516e-01]
 [-2.00401515e+00  1.49729927e-01]
 [-1.15010581e+00 -2.43470114e+00]
 [ 8.78863308e-01 -6.44391958e-02]
 [-1.36502924e+00 -1.06731231e+00]
 [-1.14714996e+00 -7.00350343e-01]
 [-8.26859456e-01 -1.11978493e+00]
 [ 1.51885457e-01  3.25988511e-01]
 [-8.00344236e-01 -1.17975962e+00]
 [-8.47349335e-01 -1.85355188e+00]
 [-3.14438907e-02  2.42495955e-01]
 [ 2.23152142e+00  1.49102283e+00]
 [ 6.60573182e-01 -2.05053497e+00]
 [-9.50400203e-02 -1.63733849e-01]
 [ 8.58100546e-01  6.86655803e-01]
 [-9.08645676e-01  5.95939845e-01]
 [ 1.33585990e+00  9.87217025e-01]
 [-2.77626075e-01  1.59617788e+00]
 [ 6.18319728e-01 -2.38925150e-01]
 [-1.05443456e+00 -3.24864575e-02]
 [ 1.11745125e+00 -6.26560448e-01]
 [ 2.05489319e+00  7.61964767e-01]
 [ 2.60068442e-01  1.29533384e-01]
 [-2.34225048e+00 -2.27416740e-01]
 [ 9.39356860e-01  1.69261271e+00]
 [-1.32898909e-01 -3.88912212e-01]
 [-5.05163720e-01  7.10479737e-01]
 [-1.02574263e+00 -1.38447363e+00]
 [-7.20838437e-01  4.69408821e-01]
 [ 2.73433634e-01 -1.23953658e+00]
 [-8.20376108e-01 -5.76187356e-01]
 [-1.72320819e-02 -1.66854999e+00]
 [ 1.12120513e+00 -3.69441424e-01]
 [ 7.46856286e-01 -9.95288617e-01]
 [ 5.12462439e-01 -1.10702385e+00]
 [ 7.57059267e-01 -3.70871758e-01]
 [ 2.09858965e+00  2.37096125e-01]
 [ 3.08819157e-01 -1.38980158e-01]
 [-1.76223115e+00 -4.59017174e-01]
 [ 8.46721258e-01 -8.77896302e-02]
 [ 2.10429809e-01  5.40381004e-01]
 [-1.31751332e-01 -2.01373402e+00]
 [-1.17553622e-01 -1.97814547e+00]
 [-1.18492383e+00 -1.29150541e+00]
 [ 4.80364492e-01 -1.49997322e+00]
 [ 1.19633378e-01 -9.73257177e-01]
 [ 1.62898949e+00  1.95648929e+00]
 [ 2.47007008e-01  1.89179387e-01]
 [ 1.50520290e+00 -1.16395112e+00]
 [ 8.43807398e-01  3.41321383e-01]
 [-2.69954850e-01  2.02722236e+00]
 [-5.95057288e-01  7.74178813e-01]
 [-4.68173170e-01 -6.71053621e-02]
 [ 2.61269916e-01  1.08627304e+00]
 [ 1.47405347e+00  5.89657705e-01]
 [-9.43626573e-01 -1.39599330e+00]
 [-7.40114946e-01 -1.25831077e-02]
 [-8.19219356e-01  9.43815172e-01]
 [-1.21510930e+00  1.42317917e-01]
 [ 1.20577633e+00 -3.54851517e-01]
 [ 4.37625967e-01 -8.25464455e-01]
 [ 1.56243012e-01  5.27332450e-01]
 [ 2.20777355e+00 -1.91113715e+00]
 [ 1.42030921e+00 -6.16453388e-01]
 [ 1.12537272e+00 -8.23394647e-01]
 [-1.39159265e+00  1.52628550e+00]
 [-4.57163934e-01  1.90561497e+00]
 [ 2.06542486e+00 -1.29479089e+00]
 [-9.56287402e-01 -1.05911205e+00]
 [ 1.17362518e-01  1.11995702e+00]
 [-5.19481044e-02 -2.57195258e-01]
 [ 1.10315450e+00 -1.40546288e+00]
 [-1.50385214e-01  1.38124299e+00]
 [ 4.74176801e-01 -1.44911402e+00]
 [ 7.81960737e-01 -9.10914360e-01]
 [-8.41342545e-01 -2.30560080e-01]
 [ 4.51114021e-01 -5.02257029e-03]
 [ 1.47160277e+00  4.91247999e-01]
 [-7.44693055e-01 -4.70943663e-02]
 [ 1.99802599e+00 -9.12140185e-01]
 [ 3.91185872e-02 -9.26357952e-01]
 [-5.35267296e-01  1.71171229e-01]
 [ 2.90903916e-01  2.19032964e-01]
 [ 3.87784656e-01 -4.63254800e-02]
 [ 1.39695343e+00 -1.10927951e+00]
 [ 4.56705139e-01 -7.67882731e-01]
 [ 3.02164640e-01 -1.42702607e+00]
 [ 1.68551193e-01 -2.94875961e-01]
 [ 4.17627856e-01 -9.57835795e-01]
 [-8.46702682e-01 -1.57956733e+00]
 [-1.12625250e+00  1.12687849e-01]
 [-5.00108327e-01  2.15316501e+00]
 [ 3.58430116e-01  1.02823120e+00]
 [-1.45131895e+00 -1.12626565e+00]
 [ 2.54589801e-01 -1.63545773e+00]
 [ 2.43562858e-01  1.28380846e-01]
 [-3.19431922e-01  2.75626107e-01]
 [-1.07167776e+00 -9.62684245e-01]
 [-6.46082749e-01  4.89430725e-01]
 [ 5.46524639e-01 -3.81443586e-02]
 [ 3.44616842e-01  1.33347926e+00]
 [ 2.11366096e-01 -7.22148964e-01]
 [ 8.49579289e-01 -1.20013168e+00]
 [-1.08113340e+00 -7.88872939e-01]
 [-5.68062256e-03  1.53042262e-01]
 [ 1.07076420e+00 -2.91033353e-01]
 [ 2.43556614e-01  8.06558603e-01]
 [ 2.17806334e+00  6.45075097e-01]
 [ 1.36858231e-01 -1.28410207e+00]
 [ 2.11350014e+00  1.09941427e+00]
 [-5.47027818e-01  4.93762406e-01]
 [ 6.76560737e-01  2.29194751e+00]
 [ 7.49528956e-03 -2.83952740e+00]
 [ 1.63100478e+00  1.38710764e+00]
 [-1.40045180e+00  1.23785264e+00]
 [ 3.34564448e-01 -2.79149135e-01]
 [ 1.26191816e+00 -5.28353950e-02]
 [ 1.40744193e+00 -6.85378091e-01]
 [-3.92900448e-01  9.75421164e-01]
 [ 1.72695516e+00  1.17457825e+00]
 [-1.12729137e+00  4.15275629e-01]
 [-5.54162213e-01 -4.47331880e-02]
 [ 5.39529182e-01  4.68411994e-01]
 [ 6.36609169e-02  1.51422395e+00]
 [ 8.21916512e-01  1.14107427e+00]
 [ 1.90396652e-01 -3.51209157e-01]
 [-6.87975391e-01 -7.57764307e-01]
 [ 1.89767479e-02  2.63941712e-01]
 [ 9.34831257e-01 -2.00520333e-01]
 [ 8.37660026e-01  3.77595100e-01]
 [ 1.21185606e+00 -1.65345174e-01]
 [ 8.26875595e-01  2.20509527e-01]
 [-4.67702167e-01 -5.44245218e-01]
 [ 1.34912407e-01 -9.19418677e-01]
 [-1.66463235e+00  3.27193074e-01]
 [-2.62528843e-01 -5.20463359e-01]
 [-1.80557642e-01 -1.46880754e+00]
 [-2.57622701e+00 -1.23801287e+00]
 [-1.05585200e+00 -1.57273733e+00]
 [-2.33740188e-01 -9.77847768e-02]
 [-2.27084571e-02 -8.07840970e-01]
 [-3.76864402e-01 -7.57956583e-01]
 [ 7.55072871e-01  5.03944254e-01]
 [-1.60060547e+00 -6.30214069e-01]
 [ 8.00496932e-01 -1.51733034e+00]
 [-2.66362161e-01 -2.58820515e-01]
 [-2.42034111e-02 -7.81975096e-01]
 [-1.97984856e-01 -2.08208739e+00]
 [-1.27737423e+00  5.37583393e-01]
 [-5.16797390e-01  1.09711539e+00]
 [-5.11991828e-01  7.50583512e-01]
 [ 8.28356831e-01 -9.42971424e-01]
 [-4.45975486e-01  5.45845218e-01]
 [ 1.01396175e+00  5.54795538e-01]
 [ 1.66804969e+00 -1.13986336e+00]
 [-3.19848257e-01  4.19023879e-01]
 [ 5.60310048e-01 -9.65847600e-01]
 [ 5.41058662e-01  7.28496464e-01]
 [-1.29292955e+00 -1.28611042e+00]
 [ 3.74818789e-01  6.79401086e-01]
 [-1.00479859e+00  1.20128586e-02]
 [-8.06385713e-03 -1.46587516e-01]
 [-9.44826560e-01 -4.19567117e-01]
 [-1.53131657e+00 -4.92800830e-01]
 [-3.93831084e-01  1.50366993e-01]
 [ 9.32925995e-02 -3.37922619e-01]
 [ 1.59696760e-01  8.27700265e-01]
 [ 1.10475261e+00  2.49250205e-01]
 [-1.33946334e-01 -1.30998091e+00]
 [-2.96077300e-01  1.53885797e+00]
 [-4.04541057e-01  5.44213195e-01]
 [-7.19013884e-01 -2.03008501e-02]
 [ 1.20779245e+00 -7.78394235e-02]
 [ 7.45910634e-01 -6.15127298e-01]
 [-2.93586605e-01  2.15333795e+00]
 [-3.67155201e-01  1.50619909e+00]
 [ 1.86123978e-01 -2.14579438e+00]
 [-1.08256095e-01 -7.28765978e-01]
 [ 7.69212995e-01  1.32812470e+00]
 [ 9.97905669e-01  9.15931391e-01]
 [-5.93367281e-01 -1.06247446e+00]
 [ 3.94945707e-01  2.98566402e-01]
 [-1.40136850e+00 -1.08813026e+00]
 [-3.84214810e-01  8.77789140e-01]
 [-6.15865945e-01  4.25241478e-01]
 [ 9.12615376e-01  8.30076623e-01]
 [ 9.47601531e-01  6.00532044e-01]
 [-7.19973029e-02  1.00915908e+00]
 [-1.40499303e+00  4.95889054e-01]
 [ 8.86090241e-01  1.04264859e+00]
 [ 2.25735810e+00 -1.09185786e+00]
 [-4.17297222e-01 -6.51418446e-01]
 [-5.16454339e-01  6.19737959e-01]
 [ 1.67666260e+00 -8.66575721e-01]
 [ 1.26935067e+00 -8.14724034e-01]
 [-6.36508856e-02  8.69687005e-01]
 [-8.52982368e-01  1.07416422e-01]
 [-8.13696390e-01  8.19948818e-01]
 [ 4.48140854e-01  1.23563534e+00]
 [-2.33756558e+00 -3.27917442e-01]
 [-2.35106727e-02  4.13385150e-01]
 [ 1.01793890e+00 -1.05954384e+00]
 [-5.17863565e-01 -1.40740944e+00]
 [-4.88497001e-02 -2.67504236e-01]
 [ 1.00080807e+00  1.02528606e+00]
 [ 3.66750424e-01  1.67181874e+00]
 [ 3.48766330e-01 -2.36691805e-01]
 [ 1.41968842e+00  3.94023176e-01]
 [ 1.98153823e-01 -1.98018886e-01]
 [ 1.23797856e+00 -7.11283401e-01]
 [-3.68036914e-03 -5.45298595e-01]
 [ 1.09964945e+00  2.06874987e+00]
 [ 2.44401977e-01  1.22515694e+00]
 [ 7.99014822e-01 -5.72464729e-02]
 [ 1.29561403e-01 -1.62452797e+00]
 [-6.25242041e-01 -1.77281030e+00]
 [ 7.01649713e-01  5.69057756e-01]
 [-1.23529000e-01  2.76193456e-01]
 [-1.72223897e-01  6.91036549e-01]
 [ 1.43639575e+00 -4.63536645e-01]
 [-1.21878339e+00  1.50789808e-01]
 [-1.68582046e+00 -1.32904179e+00]
 [-4.45444569e-02  1.84713133e+00]
 [ 1.56254355e+00  9.07385155e-01]
 [-1.03328754e+00  2.01253978e-01]
 [-2.60858469e+00 -1.75048323e+00]
 [-1.13213459e-01 -2.10054601e-01]
 [ 5.68440854e-01  8.13557096e-01]
 [ 1.72523889e+00 -1.02718349e+00]
 [ 9.14870556e-01 -8.05434518e-01]
 [-3.68155731e-01  4.00692136e-01]
 [ 1.26416275e+00 -1.84782623e+00]
 [ 5.90739319e-01 -3.88846612e-01]
 [ 7.67389304e-01 -7.31230250e-01]
 [ 1.03336274e+00 -4.22682800e-01]
 [ 8.71522790e-01 -6.28286118e-02]
 [-5.71241476e-01  5.16607797e-01]
 [ 8.92364885e-01  6.11394265e-01]
 [-3.42050110e-01  1.96387396e-01]
 [ 1.18170848e+00  8.81472716e-01]
 [ 1.00770048e+00 -8.65840194e-01]
 [-8.81701106e-02  1.90198602e-01]
 [-2.06455050e-01 -1.41136482e+00]
 [ 7.77365975e-01 -2.29375534e-01]
 [-2.10780066e+00  1.12063618e+00]
 [-1.01290681e-01  2.08344240e-01]
 [ 7.00515516e-01  1.56941067e+00]
 [ 3.64282927e-01  4.75648105e-01]
 [-4.97144516e-02  2.06661396e-01]
 [-3.01841039e-01  6.71686824e-01]
 [-8.39187272e-01 -2.88485543e-01]
 [-1.27379206e+00 -4.63707073e-01]
 [-4.63470825e-01  1.44698233e+00]
 [ 1.52361817e-01  1.20065950e+00]
 [ 8.24469080e-01  2.44095928e+00]
 [-1.15451595e+00  1.74793362e-01]
 [-7.28226305e-02  7.57304997e-01]
 [ 5.94476605e-01 -1.70678871e+00]
 [ 7.42161753e-01  7.56996835e-02]
 [-1.03585771e+00  9.23436360e-02]
 [ 4.17701720e-01  1.05726851e+00]
 [ 1.05340421e+00  1.24557446e-01]
 [-1.18586603e+00 -2.05240634e-01]
 [ 8.42823049e-02  6.30696216e-01]
 [-7.48414817e-01 -1.00099896e+00]
 [-5.39610528e-02  6.17875384e-01]
 [ 1.22805254e-01  1.59257334e-01]
 [ 6.09017715e-01  2.02540244e-01]
 [-1.77833647e+00 -5.79386011e-01]
 [-1.15566811e+00  4.93232429e-02]
 [-8.12412279e-01 -3.27023722e-01]
 [-5.43869218e-01 -4.07862380e-01]
 [ 9.67097137e-01  1.12641083e+00]
 [-4.92365450e-01  8.13714683e-01]
 [ 6.08161451e-01 -5.11245543e-01]
 [ 1.29107693e+00 -1.17207864e+00]
 [-1.95028870e-01 -6.15959015e-01]
 [-1.71909913e+00 -3.24577004e+00]
 [-9.41343504e-01 -1.97134077e-01]
 [-3.85916151e-01  7.03623793e-01]
 [-3.10318113e-01  1.78833256e-01]
 [-1.67233889e-01  3.44754204e-01]
 [-1.11387333e+00 -8.90914658e-01]
 [ 7.63448589e-02  2.53191843e-03]
 [ 1.15402860e+00 -2.59491102e-01]
 [ 1.49664561e+00  1.34853797e+00]
 [-4.73988741e-01 -1.21471451e+00]
 [-6.19896372e-01  1.66834286e+00]
 [ 7.95122073e-02  5.39247869e-01]
 [ 1.02528612e+00  2.88937776e-01]
 [ 6.56453619e-01 -2.56915902e-01]
 [-1.46226926e+00  5.02399634e-01]
 [ 1.94482500e+00  1.27006090e+00]
 [ 5.09894414e-01 -2.84421441e-01]
 [-7.59405972e-01  9.48358628e-01]
 [ 4.06080748e-01 -1.61869055e+00]
 [-6.36077846e-01 -2.39349420e-03]
 [ 9.31062350e-01  4.00147049e-01]
 [-1.04613433e+00 -2.42270542e+00]
 [-4.49498390e-01  8.94025300e-01]
 [-1.36989814e+00 -1.28789851e+00]
 [-3.30666936e-01  9.29053757e-01]
 [-2.06158293e+00 -3.35415343e-01]
 [-7.91600612e-01 -2.79980947e-01]
 [-2.73779388e-01 -1.14016110e+00]
 [-5.39071974e-01 -4.63366522e-01]
 [-8.08500631e-01  6.68784886e-01]
 [-3.46600072e-01  1.03128906e+00]
 [ 2.17865721e+00  7.18711856e-01]
 [ 2.24110007e+00 -2.86221870e-01]
 [-7.70528861e-01 -6.72642144e-01]
 [ 1.26871042e+00  1.48365783e+00]
 [ 1.30424300e+00 -4.14676582e-02]
 [-1.76859910e+00 -1.10444337e+00]
 [-6.40170966e-01 -5.45380907e-01]
 [ 4.19406653e-01  1.42409766e+00]
 [-1.40078718e+00 -7.15565804e-01]
 [ 1.33811330e+00  1.17721258e-01]
 [ 9.26065000e-01  8.80193914e-02]
 [-1.09973776e+00  4.64897150e-01]
 [-5.24436715e-01 -2.34371707e+00]
 [-7.28045839e-01 -1.57910877e-01]
 [ 5.93124988e-01  5.61448289e-01]
 [ 1.10122182e+00 -1.20329861e+00]
 [ 8.57724276e-01 -1.47690876e+00]
 [-9.71092959e-01  9.99716808e-01]
 [ 2.08517819e-01  1.63490259e-01]
 [-1.54476734e+00  1.65057356e-01]
 [ 2.22635650e-01 -5.70616953e-01]
 [-4.36099697e-01  1.29723144e-01]
 [ 3.46444545e-02 -4.70667767e-01]
 [-8.36226838e-01 -1.11042649e-01]
 [ 7.72812723e-01 -5.96060532e-01]
 [-3.92377293e-01  2.32760821e+00]
 [ 1.85621532e-01 -3.56196025e-01]
 [ 1.93110463e+00  9.20329508e-01]
 [ 1.12218039e+00  1.26404651e+00]
 [-8.66873258e-02  4.08133865e-01]
 [ 2.51475804e-02 -1.42118936e+00]
 [-5.48295442e-01  7.82426873e-01]
 [-2.31731551e-01  9.51417731e-01]
 [-1.10960119e+00  3.91536875e-01]
 [-2.82006764e-01 -6.50584848e-01]
 [-1.59329822e+00 -7.60550451e-01]
 [ 8.79071958e-01  9.70321079e-01]
 [-2.20730998e-01  1.62165206e+00]
 [ 6.42238824e-01  1.45997789e-01]
 [ 7.77378180e-01  3.86583286e-01]
 [ 1.27255968e+00  8.32154816e-01]
 [-1.18530630e+00  7.90334601e-01]
 [ 4.33914453e-01  7.41180939e-01]
 [-2.51812139e-01  2.75762977e-01]
 [-1.28366570e+00  1.91414236e-02]
 [-5.32037948e-01  1.07347803e+00]
 [ 9.67588886e-02  2.53741185e-01]
 [-1.92084924e+00 -1.25504694e+00]
 [ 8.74756317e-01 -5.79533603e-01]
 [-7.79861526e-02  2.14930608e-01]
 [ 2.74528067e+00  1.05765192e-01]]
